11903146440O1005-20111025                                                                                               
220000139201110212011102502010870201087294000006039512009041411000111080000000015000 0210                                                             
220000153201110212011102504537670453767294000007135512009322918500111090000000015000 0210                                                             
220000226201110212011102502132660213266294000014391512009041929900111040000000015000 0210                                                             
220000379201110212011102502199300219930294000020288512009061631300111040000000015000 0210                                                             
220000805201110212011102500658090065809294001000551512009313037400111070000000015000 0210                                                             
220000836201110212011102500482400048240294001001091512009042144100111080000000015000 0210                                                             
220000967201110212011102500308890030889294001009312512009312879700111030000000015000 0210                                                             
220001362201110212011102501235760123576294370568005512009041941200111030000000015000 0210                                                             
220001363201110212011102501235760123576294370568601512009042903800111040000000015000 0210                                                             
220001379201110212011102508137760813776294377007505512009303018700111040000000015000 0210                                                             
220001380201110212011102508137760813776294377007525512009062983100111000000000015000 0210                                                             
220001395201110212011102500538820053882294388590063512009302916900111050000000015000 0210                                                             
220001843201110212011102502321110232111298023000523512009042671000111010000000015000F0180                                                             
220001851201110212011102502322180232218298023002073512009062160500111060000000015000F0180                                                             
220001890201110212011102502634940263494298026007658512009072024400110960000000015000G0180                                                             
220001892201110212011102502634940263494298026008307512009072024400111040000000015000G0180                                                             
220001920201110212011102507117000711700298071014073512009062906000111060000000015000H0210                                                             
220002001201110212011102508137760813776298081004783512009061862700111050000000015000H0210                                                             
220002032201110212011102508118200811820298081007498512009322655400111090000000015000G0180                                                             
330000019000001900000000285000000000000038400000000000000000000000281160                                                

