11903146440O1005-20110927                                                                                               
220000588201109232011092702634940263494266000032343512009072601400110970000000007500 0210                                                             
220000589201109232011092702634940263494266000032344512009072601400110890000000007500 0210                                                             
220000590201109232011092702634940263494266000032363512009081993800110950000000015000 0210                                                             
220000637201109232011092702199300219930266000033909512009062761800110950000000015000 0210                                                             
220000823201109232011092708833240883324266000041344512009082060600110950000000015000 0210                                                             
220001037201109232011092708412300841230266000066185512009072034000110920000000015000 0210                                                             
220001211201109232011092700645540064554266001000461512009302553100110920000000007500 0210                                                             
220001218201109232011092700645540064554266001000481512009302649000110900000000015000 0210                                                             
220001432201109232011092700358550035855266001015521512009061460700110930000000015000 0210                                                             
220001601201109232011092700308890030889266001015690512009312879700110950000000015000 0210                                                             
220001643201109232011092700644730064473266002000152512009041791900110910000000015000 0210                                                             
220001653201109232011092700482820048282266002000201512009042907100110970000000015000 0210                                                             
220001805201109232011092700645540064554266003000872512009323006200110990000000015000 0210                                                             
220001806201109232011092700645540064554266003000873512009323006200110810000000015000 0210                                                             
220001807201109232011092700645540064554266003000874512009323006200110730000000015000 0210                                                             
220001816201109232011092707127090712709266005000121512009041973300110940000000015000 0210                                                             
220001999201109232011092708114350811435266143001825512009062272500110930000000007500 0210                                                             
220002000201109232011092708114350811435266143001831512009312789500110980000000030000 0210                                                             
220002034201109232011092702720610272061266206001416512009043083300110970000000015000 0210                                                             
220002205201109232011092701499160149916266370044404512009042808200110950000000015000 0210                                                             
220002206201109232011092701499160149916266370050605512009042920100110900000000015000 0210                                                             
220002232201109232011092701235760123576266370401605512009042657200110970000000015000 0210                                                             
220002234201109232011092701235760123576266370407702512009041642500110900000000015000 0210                                                             
220002245201109232011092701560350156035266370678203512009062398200110990000000015000 0210                                                             
220002246201109232011092701560350156035266370682102512009322943000110910000000007500 0210                                                             
220002306201109232011092700538820053882266388590082512009302916900110970000000015000 0210                                                             
220002437201109232011092700555340055534266553510092512009043083900110940000000015000 0210                                                             
220002881201109232011092700527730052773270005002993512009073104300110990000000015000G0180                                                             
220003041201109232011092702018670201867270020006026512009043021200110940000000015000G0180                                                             
220003102201109232011092702047540204754270020016937512009062551900110970000000015000F0180                                                             
220003330201109232011092708137760813776270081006625512009061862700110970000000015000H0210                                                             
220003363201109232011092708112990811299270081011319512009041599400110960000000015000H0210                                                             
220003402201109232011092708123790812379270081016001512009301230300110910000000015000H0210                                                             
330000033000003300000000472500000000000068400000000000000000000000465660                                                

