11903146440O1005-20111010                                                                                               
220000046201110062011101002037970203797279000010094512009051823200110970000000015000 0210                                                             
220000047201110062011101002037970203797279000010110512009052220000110980000000015000 0210                                                             
220000061201110062011101002052320205232279000012428512009062930900110990000000007500 0210                                                             
220000136201110062011101002093060209306279000021510512009322911400110910000000015000 0210                                                             
220000227201110062011101001108930110893279110100008512009052882200110930000000015000 0210                                                             
220000298201110062011101000547550054755279475590068512009081480300110960000000015000 0210                                                             
220000327201110062011101000477750047775279995000061512009061418400110930000000030000 0210                                                             
220000441201110062011101007120680712068283071010758512009053022900110970000000015000H0210                                                             
330000008000000800000000127500000000000016800000000000000000000000125820                                                

