11903146440O1005-20111027                                                                                               
220002128201110252011102700662480066248298001000042512009321356200111070000000007500 0210                                                             
220002308201110252011102700645540064554298001000623512009302280100111000000000007500 0210                                                             
220002369201110252011102700644730064473298001000831512009041791900111090000000015000 0210                                                             
220002781201110252011102700347590034759298001034524512009052956000111060000000015000 0210                                                             
220002794201110252011102700347590034759298001034537512009052162400111080000000015000 0210                                                             
220002832201110252011102700313090031309298001034575512009042906500111070000000015000 0210                                                             
220002900201110252011102700347590034759298001034643512009053045600111040000000015000 0210                                                             
220002925201110252011102700313090031309298001034668512009042906500110990000000015000 0210                                                             
220003088201110252011102700433710043371298002000042512009062243100111060000000015000 0210                                                             
220003208201110252011102700645540064554298002000713512009063024600111080000000015000 0210                                                             
220003309201110252011102700658090065809298002001731512009323105100111090000000007500 0210                                                             
220000920201110252011102702037970203797298000056520512009053025200111070000000015000 0210                                                             
220000921201110252011102702037970203797298000056553512009052760800111050000000015000 0210                                                             
220000922201110252011102702037970203797298000056554512009052915300111000000000015000 0210                                                             
220000923201110252011102702037970203797298000056555512009052042700111070000000015000 0210                                                             
220001182201110252011102702634940263494298000063271512009082977800111010000000015000 0210                                                             
220001183201110252011102702634940263494298000063317512009072391700111020000000007500 0210                                                             
220001186201110252011102702634940263494298000063384512009082962200111010000000015000 0210                                                             
220001521201110252011102702159890215989298000075900512009072973700110900000000007500 0210                                                             
220001522201110252011102702159890215989298000075901512009072973700111080000000007500 0210                                                             
220001663201110252011102708833240883324298000079542512009082060600111030000000015000 0210                                                             
220001779201110252011102702069980206998298000093169512009312121300111080000000015000 0210                                                             
220001780201110252011102702069980206998298000093246512009062647500111090000000015000 0210                                                             
220001951201110252011102702093060209306298000114738512009322631100111040000000007500 0210                                                             
220003342201110252011102700482820048282298002002543512009052680300111030000000015000 0210                                                             
220003372201110252011102700645540064554298003000761512009302480800111030000000015000 0210                                                             
220003383201110252011102700645540064554298003002022512009303017200111060000000015000 0210                                                             
220003393201110252011102707120680712068298005000074512009053083800111030000000015000 0210                                                             
220003404201110252011102707127090712709298005000281512009041973300111020000000015000 0210                                                             
220003699201110252011102708115160811516298151004538512009053058400111030000000015000 0210                                                             
220003700201110252011102708115160811516298151004552512009082481700111020000000007500 0210                                                             
220003701201110252011102708115160811516298151004581512009082804500111060000000015000 0210                                                             
220003702201110252011102708115160811516298151004611512009082612800111020000000015000 0210                                                             
220003703201110252011102708115160811516298151004637512009072051700111030000000015000 0210                                                             
220003788201110252011102708123790812379298237011150512009302296300111080000000007500 0210                                                             
220004055201110252011102700536590053659298365510078512009321392700111020000000015000 0210                                                             
220004114201110252011102701235760123576298370595301512009042657200111050000000015000 0210                                                             
220004141201110252011102701560350156035298370908202512009322943000111090000000007500 0210                                                             
220004142201110252011102701560350156035298370910701512009301231200111000000000015000 0210                                                             
220004143201110252011102701560350156035298370922901512009062980400111070000000015000 0210                                                             
220004349201110252011102700547550054755298475590280512009081904700111030000000015000 0210                                                             
220004787201110252011102700477750047775298995000231512009063021900111050000000015000 0210                                                             
220004789201110252011102700477750047775298995000241512009063021900110970000000015000 0210                                                             
220004790201110252011102700477750047775298995000251512009063021900110890000000015000 0210                                                             
220004974201110252011102700347590034759300003030943512009062070500111050000000015000F0180                                                             
220005075201110252011102700423850042385300004035580512009063049200111080000000015000F0180                                                             
220005111201110252011102700433710043371300004057039512009083104200111080000000015000G0180                                                             
220005378201110252011102702047540204754300020004577512009062551900111050000000015000F0180                                                             
220005402201110252011102702009490200949300020008896512009072362700111070000000015000F0180                                                             
220005420201110252011102702018670201867300020012051512009043021200111020000000015000G0180                                                             
220005544201110252011102702037970203797300020035958512009062928200111060000000015000F0180                                                             
220005610201110252011102702138710213871300021023365512009052694700111080000000015000G0180                                                             
220005751201110252011102702657350265735300026027106512009062969800111030000000015000G0180                                                             
220000147201110252011102702322180232218298000005333512009052924800111080000000015000 0210                                                             
220000148201110252011102702322180232218298000005427512009062264600111090000000015000 0210                                                             
220000149201110252011102702322180232218298000005429512009062651300111070000000015000 0210                                                             
220000382201110252011102702010870201087298000018673512009042964100111050000000015000 0210                                                             
220000383201110252011102702010870201087298000018691512009042777300111080000000015000 0210                                                             
220000384201110252011102702010870201087298000018696512009041822700111060000000015000 0210                                                             
220000707201110252011102702132660213266298000048564512009042964300111010000000015000 0210                                                             
220005899201110252011102708115290811529300081008981512009311260600111040000000015000G0180                                                             
330000061000006100000000840000000000000125100000000000000000000000827490                                                

