11903146440O1005-20111028                                                                                               
220001153201110262011102800358550035855299001010719512009062139900111060000000015000 0210                                                             
220001231201110262011102800477750047775299002000252512009301237300111020000000015000 0210                                                             
220001292201110262011102800482820048282299002000671512009052141600111090000000015000 0210                                                             
220001294201110262011102800482820048282299002000672512009052141600110910000000015000 0210                                                             
220001338201110262011102800645540064554299002001511512009042550600111040000000007500 0210                                                             
220001340201110262011102800645540064554299002001613512009301251300111030000000015000 0210                                                             
220001350201110262011102800645540064554299003001411512009302346000111040000000007500 0210                                                             
220001514201110262011102808120810812081299208003964512009052964700111010000000015000 0210                                                             
220001642201110262011102801108930110893299360802403512009052695500111010000000015000 0210                                                             
220001725201110262011102801560350156035299370930506512009043106400111060000000015000 0210                                                             
220001750201110262011102800538820053882299388590126512009052005800111000000000015000 0210                                                             
220001793201110262011102800547550054755299475750076512009082916500111010000000015000 0210                                                             
220001955201110262011102800482820048282299994000081512009052531000111000000000015000 0210                                                             
220002111201110262011102800527730052773301005000486512009072915800111070000000015000F0180                                                             
220002112201110262011102800527730052773301005000650512009052119500111090000000015000F0180                                                             
220002132201110262011102800527730052773301005004320512009312857200111000000000015000G0180                                                             
220002183201110262011102801108930110893301011015526512009053084400111010000000015000G0180                                                             
220002251201110262011102802069690206969301020013875512009322999700111070000000015000F0180                                                             
220000058201110262011102802321110232111299000001972512009042903700111060000000015000 0210                                                             
220000405201110262011102802634940263494299000023551512009052760000110940000000015000 0210                                                             
220000406201110262011102802634940263494299000023553512009052760000111020000000015000 0210                                                             
220000407201110262011102802634940263494299000023554512009052760000110940000000015000 0210                                                             
220000680201110262011102802069980206998299000039956512009313018900111090000000007500 0210                                                             
220000728201110262011102802139810213981299000047117512009072034000111000000000015000 0210                                                             
220000768201110262011102802093060209306299000049843512009322915900111040000000007500 0210                                                             
220000876201110262011102800404260040426299001000131512009042802000111030000000015000 0210                                                             
220000902201110262011102800477750047775299001000222512009062313000111030000000015000 0210                                                             
220000963201110262011102800477750047775299001000482512009301355800111070000000015000 0210                                                             
220000972201110262011102800477750047775299001000554512009062477200111010000000015000 0210                                                             
220000973201110262011102800477750047775299001000555512009063103600111020000000015000 0210                                                             
330000030000003000000000420000000000000061500000000000000000000000413850                                                

