11903146440O1005-20110831                                                                                               
220000075201108292011083102322180232218241000002869512009311369008110840000000015000 0210                                                             
220000194201108292011083102011680201168241000010775512009052951100110830000000015000 0210                                                             
220000326201108292011083102132660213266241000023737512009052109800110710000000015000 0210                                                             
220000327201108292011083102132660213266241000023738512009052109800110630000000015000 0210                                                             
220000526201108292011083102037970203797241000030523512009043031900110890000000015000 0210                                                             
220000528201108292011083102037970203797241000030610512009051527800110850000000015000 0210                                                             
220000529201108292011083102037970203797241000030623512009051823800110860000000015000 0210                                                             
220000561201108292011083102634780263478241000032023512009052760000110860000000015000 0210                                                             
220000570201108292011083102634940263494241000032601512009072391700110860000000007500 0210                                                             
220000571201108292011083102634940263494241000032602512009072391700110780000000007500 0210                                                             
220000572201108292011083102634940263494241000032654512009072223400110870000000007500 0210                                                             
220000573201108292011083102634940263494241000032655512009072223400110790000000007500 0210                                                             
220000574201108292011083102634940263494241000032733512009072924100110770000000015000 0210                                                             
220000575201108292011083102634940263494241000032734512009081425800110850000000015000 0210                                                             
220000576201108292011083102634940263494241000032736512009072924100110850000000015000 0210                                                             
220000577201108292011083102634940263494241000032739512009082962200110850000000015000 0210                                                             
220000578201108292011083102634940263494241000032743512009081993800110870000000015000 0210                                                             
220000580201108292011083102634940263494241000032790512009082977800110850000000015000 0210                                                             
220000629201108292011083102199300219930241000034522512009062480700110890000000015000 0210                                                             
220000630201108292011083102199300219930241000034571512009312144008110840000000015000 0210                                                             
220000970201108292011083102069980206998241000052278512009063001600110890000000015000 0210                                                             
220000971201108292011083102069980206998241000052279512009063001600110710000000015000 0210                                                             
220000972201108292011083102069980206998241000052295512009313018908110860000000015000 0210                                                             
220001094201108292011083102093060209306241000065633512009322911408110860000000015000 0210                                                             
220001139201108292011083108418160841816241000070714512009082984500110820000000015000 0210                                                             
220001304201108292011083100477750047775241001000593512009062313000110870000000015000 0210                                                             
220001583201108292011083100347590034759241001015722512009052475800110850000000015000 0210                                                             
220001590201108292011083100308890030889241001015729512009312879708110800000000015000 0210                                                             
220001606201108292011083100347590034759241001015745512009052956000110800000000015000 0210                                                             
220001612201108292011083100325020032502241001015751512009053045600110880000000015000 0210                                                             
220001759201108292011083100433710043371241002000614512009062243100110800000000015000 0210                                                             
220001801201108292011083100485120048512241002000811512009302958008110800000000015000 0210                                                             
220001827201108292011083100482400048240241002001091512009042280700110830000000015000 0210                                                             
220001856201108292011083100482820048282241002001443512009051436200110880000000015000 0210                                                             
220002011201108292011083101560350156035241110100001512009053023900110880000000015000 0210                                                             
220002105201108292011083102715830271583241158000856512009051836800110810000000015000 0210                                                             
220002139201108292011083108120810812081241208004924512009051799300110870000000015000 0210                                                             
220002159201108292011083108123790812379241237006552512009303025108110850000000015000 0210                                                             
220002242201108292011083101135990113599241360455501512009042808200110870000000015000 0210                                                             
220002244201108292011083101108930110893241360477702512009053018200110800000000015000 0210                                                             
220002344201108292011083101560350156035241370502701512009062923200110850000000015000 0210                                                             
220002345201108292011083101560350156035241370502901512009301231208110870000000015000 0210                                                             
220002346201108292011083101560350156035241370508607512009062398200110810000000015000 0210                                                             
220002401201108292011083108137760813776241377013060512009062705700110880000000015000 0210                                                             
220002402201108292011083108137760813776241377013092512009062983100110840000000015000 0210                                                             
220002432201108292011083100538820053882241388590141512009052005800110840000000015000 0210                                                             
220002433201108292011083100538820053882241388590180512009303024008110880000000015000 0210                                                             
220002434201108292011083100538820053882241388590249512009321300708110800000000015000 0210                                                             
220003066201108292011083101235760123576243012022471512009081980500110880000000015000F0180                                                             
220003118201108292011083102018670201867243020014174512009043021200110860000000015000G0180                                                             
220003375201108292011083107120680712068243071026085512009053022900110890000000015000H0210                                                             
330000051000005100000000735000000000000106500000000000000000000000724350                                                

