11903146440O1005-20110923                                                                                               
220001082201109212011092308115160811516264151001367512009043046800110920000000015000 0210                                                             
220001263201109212011092301235760123576264370380604512009062271800110980000000015000 0210                                                             
220001265201109212011092301705030170503264370432001512009042688400110960000000015000 0210                                                             
220001342201109212011092300547550054755264475590156512009042182000110950000000015000 0210                                                             
220001504201109212011092300358550035855266003007276512009062593800110990000000015000H0210                                                             
220001644201109212011092302012650201265266020005809512009062851800110960000000015000G0180                                                             
220001694201109212011092302321110232111266023000545512009042671000110930000000015000F0180                                                             
220001696201109212011092302322180232218266023001171512009312912900110900000000015000G0180                                                             
220000060201109212011092302321110232111264000001485512009041419700110970000000015000 0210                                                             
220000061201109212011092302321110232111264000001487512009042119000110930000000015000 0210                                                             
220000122201109212011092302010870201087264000006324512009041411000110900000000015000 0210                                                             
220000126201109212011092302011840201184264000006869512009311263100110940000000015000 0210                                                             
220000412201109212011092302659420265942264000023566512009312870100110970000000015000 0210                                                             
220000413201109212011092302659420265942264000023567512009312870100110890000000015000 0210                                                             
220000597201109212011092300477750047775264001000081512009063036600110960000000015000 0210                                                             
220000699201109212011092300479950047995264001000772512009313104000110950000000007500 0210                                                             
220000773201109212011092300308890030889264001009063512009312792900110950000000015000 0210                                                             
220001030201109212011092301108930110893264110100001512009052962400110840000000015000 0210                                                             
330000018000001800000000262500000000000036900000000000000000000000258810                                                

